000110000
000110001
000110010
000110011
000110100
000110101
000110110
000110111
100001001
000010001
010011001
100001000
000010001
010010001
111111111
010110001
000110001
010001010
001100110
000110010
010010001
000110001
010001011
001100110
000110011
010011001
100000001
001011011
000110001
001011010
101100100
011010001
101100101
011011001
000110000
000110001
000110010
000110011
000110100
000110101
000110110
000110111
100000001
010011001
100001000
000010001
000110000
010000001
000110001
010001010
001010000
000110111
010111001
110100000
000110000
010000001
000110001
010001111
000011000
100001001
000010001
000110000
010000001
000110001
010001011
001010000
000110111
010111001
110100000
000110000
010000001
000110001
010001111
000011000
000110000
101100101
000010001
010000001
000110001
010001011
001000000
001011000
000110011
010011000
000110000
101100100
000010001
010000001
000110001
010001010
001011000
000110010
010010000
000110000
110000000
010000001
000110001
010001011
001001000
000110000
010000001
101100110
011000001
100000001
000110000
010000001
000110001
010001011
000100000
000110011
010011001
000110001
010001010
000100000
000110010
010010001
101100110
000010001
010010001
000110000
110000000
010000001
000110001
010001101
001001000
000110000
010000001
101100110
011000001
100000001
000110000
010000001
000110001
010001101
000100000
000110101
010101001
000110001
010001100
000100000
000110100
010100001
101100110
000010001
010100001
100000001
010110001
001000000
001011101
000110001
001011100
000110001
000110111
010111001
111010110
000110000
010000001
000110001
010001111
000011000
000110000
110000000
010000001
000110001
010001011
001001000
000110000
010000001
101100110
011000001
100000001
000110000
010000001
000110001
010001011
000100000
000110011
010011001
000110001
010001010
000100000
000110010
010010001
101100110
000010001
010010001
000110000
110000000
010000001
000110001
010001101
001001000
000110000
010000001
101100110
011000001
100000001
000110000
010000001
000110001
010001101
000100000
000110101
010101001
000110001
010001100
000100000
000110100
010100001
101100110
000010001
010100001
100000001
010110001
100010000
000111110
000110111
010111001
111101001
000110000
010000001
000110001
010001111
000011000
000110001
000110111
010111001
100101100
000110000
010000001
000110001
010001111
000011000
100001010
011100001
100001011
011101001
000000000
