000110000
000110001
000110010
000110011
000110100
000110101
000110110
000110111
100010000
000010001
010010001
100000010
010110001
000110000
111000000
010000001
100000110
000110111
010111001
000110001
010001010
001001000
000101111
000110111
010111001
100000010
000110000
010000001
000110001
010001100
000100000
010001111
000110100
010100001
100000001
000110000
010000001
000110001
010001011
000100000
000110011
010011001
100000001
010011001
000110001
010001100
000001011
000110111
010111001
101000000
000110000
010000001
000110001
010001111
000011000
100000000
000110111
010111001
101010110
000110000
010000001
000110001
010001111
000011000
100000001
000110000
010000001
000110001
010001011
000111000
000110011
010011001
000110001
010001101
000100000
000110101
010101001
100000000
000110111
010111001
101110111
000110000
010000001
000110001
010001111
000011000
000110000
010000011
000110001
010001100
000111000
000110100
010100001
100000001
000110000
010000001
000110001
010001101
000100000
010001000
000110101
010101001
100000001
000110000
010000001
000110001
010001011
010001000
000110011
010011001
100000000
000110111
010111001
101110111
000110000
010000001
000110001
010001111
000011000
100001000
000110000
010000001
000110001
010001110
000111000
000110111
010111001
110100100
000110000
010000001
000110001
010001111
000011000
100010000
000110000
010000001
000110001
010001110
000111000
000110111
010111001
110110001
000110000
010000001
000110001
010001111
000011000
100000010
000110000
010000001
000110001
010001010
000100000
000110010
010010001
100000000
000110111
010111001
100001011
000110000
010000001
000110001
010001111
000011000
100010001
000010001
000110010
010010001
100000000
000110111
010111001
100001011
000110000
010000001
000110001
010001111
000011000
100010010
011101001
000000000
